0.00 0.00 0.00 0.00 0.00
0.03 0.06 0.09 0.12 0.15
0.06 0.12 0.18 0.24 0.30
0.09 0.18 0.26 0.35 0.43
0.12 0.24 0.35 0.46 0.56
0.15 0.30 0.43 0.56 0.67
0.18 0.35 0.52 0.67 0.79
0.21 0.41 0.60 0.77 0.90
0.24 0.46 0.67 0.87 1.00
0.26 0.52 0.75 0.96 1.09
0.29 0.57 0.82 1.05 1.18
0.31 0.61 0.90 1.14 1.26
0.34 0.66 0.96 1.22 1.33
0.36 0.70 1.03 1.30 1.39
0.38 0.75 1.09 1.37 1.44
0.41 0.79 1.14 1.44 1.48
0.43 0.82 1.20 1.50 1.52
0.45 0.86 1.25 1.55 1.55
0.47 0.89 1.30 1.59 1.57
0.49 0.92 1.34 1.62 1.59
0.50 0.94 1.37 1.65 1.60
0.52 0.96 1.40 1.67 1.61
0.53 0.98 1.42 1.68 1.61
0.54 0.99 1.44 1.68 1.60
0.55 1.00 1.45 1.68 1.59
0.55 1.00 1.45 1.67 1.57
0.55 1.00 1.45 1.65 1.55
0.55 0.99 1.44 1.62 1.52
0.54 0.98 1.42 1.59 1.48
0.53 0.96 1.40 1.55 1.44
0.52 0.94 1.37 1.50 1.39
0.50 0.92 1.34 1.44 1.33
0.49 0.89 1.30 1.37 1.26
0.47 0.86 1.25 1.30 1.18
0.45 0.82 1.20 1.22 1.09
0.43 0.79 1.14 1.14 1.00
0.41 0.75 1.09 1.05 0.90
0.38 0.70 1.03 0.96 0.79
0.36 0.66 0.96 0.87 0.67
0.34 0.61 0.90 0.77 0.56
0.31 0.57 0.82 0.67 0.43
0.29 0.52 0.75 0.56 0.30
0.26 0.46 0.67 0.46 0.15
0.24 0.41 0.60 0.35 0.00
0.21 0.35 0.52 0.24 -0.15
0.18 0.30 0.43 0.12 -0.30
0.15 0.24 0.35 0.00 -0.43
0.12 0.18 0.26 -0.12 -0.56
0.09 0.12 0.18 -0.24 -0.67
0.06 0.06 0.09 -0.35 -0.79
0.03 0.00 0.00 -0.46 -0.90
0.00 0.00 0.00 -0.56 -1.00
